image_width: 320
image_height: 240
camera_name: camera
camera_matrix:
  rows: 3
  cols: 3
  data: [250.09179825220363, 0.0, 159.29604347100067, 0.0, 248.836516388935, 117.70079571845596, 0.0, 0.0, 1.0]
distortion_model: plumb_bob
distortion_coefficients:
  rows: 1
  cols: 5
  data: [0.12415048066389626, -0.19131130865948234, -0.007036643537014118, 0.0013742497438386848, 0.0]  
rectification_matrix:
  rows: 3
  cols: 3
  data: [1.0, 0.0, 0.0, 0.0, 1.0, 0.0, 0.0, 0.0, 1.0]
projection_matrix:
  rows: 3
  cols: 4
  data: [254.4482879638672, 0.0, 159.2095366390622, 0.0, 0.0, 252.8636932373047, 115.85938049800006, 0.0, 0.0, 0.0, 1.0, 0.0]